
Trails: 0
                                                                                
                                                                                
                                                                                
                                                                                
                                                                                
                                                                                
                                                                                
                                                                                
                                   3          4                                 
                                                 3       4                      
                                   1  4  22 3       1                           
                                    3           1    44   4                     
                                      4                                         
                                              1  3 2                            
                                          1              1                      
                                                                                
                                      24                                        
                                                                                
                                                          2                     
                                              3                                 
                                                       13                       
                                         2          34                          
                                                                                
                                                                                
                                                                                
                                                                                
                                                                                
                     2                                                          
                                                                                
          3         2  4                                                        
                                                                                
                                                                                
                                                                                
                                                                                
                                                                                
                          3                                                     
          1                                                                     
                   2    4                                   4                   
         1 1                                            3    4                  
              4                                    4                            
                                                       2                        
                        3                                         1             
                                                                                
                                                    1                           
                                               4     1 2    3                   
                                                2              1                
                                                                                
                                                      1                         
                                                                                
                                                    3                           
                                                                                
                                                                                
                                                                                
                                                                                
                                                                                
                                                                                
                                                                                
                                       2                                        
                                       2   4                                    
                        2     2                                                 
                                                                                
                     2      2 4     3 3                                         
                         1    4                                                 
                        4   21           3                                      
                    12                 2                                        
                                  4        3                                    
                         1  1          2                                        
                                            3                                   
                              1                                                 
                        1       3                                               
                                      1                                         
                              4                                                 
                                                                                
                                                                                
                                                                                
                                                                                
                                                                                
                                                                                
                                                                                
                                                                                
Trails: 0 end here!

centroid #1:42 37
centroid #2:41 37
centroid #3:35 42
centroid #4:34 41

Trails: 1
                                                                                
                                                                                
                                                                                
                                                                                
                                                                                
                                                                                
                                                                                
                                                                                
                                   4          4                                 
                                                 4       4                      
                                   4  4  44 4       4                           
                                    4           4    44   4                     
                                      4                                         
                                              4  4 4                            
                                          4              4                      
                                                                                
                                      44                                        
                                                                                
                                                          3                     
                                              4                                 
                                                       33                       
                                         4          44                          
                                                                                
                                                                                
                                                                                
                                                                                
                                                                                
                     4                                                          
                                                                                
          2         2  2                                                        
                                                                                
                                                                                
                                                                                
                                                                                
                                                                                
                          2                                                     
          2                                                                     
                   2    2                                   3                   
         2 2                                            3    3                  
              2                                    3                            
                                                       3                        
                        2                                         3             
                                                                                
                                                    3                           
                                               1     3 3    3                   
                                                1              3                
                                                                                
                                                      3                         
                                                                                
                                                    1                           
                                                                                
                                                                                
                                                                                
                                                                                
                                                                                
                                                                                
                                                                                
                                       1                                        
                                       1   1                                    
                        1     1                                                 
                                                                                
                     1      1 1     1 1                                         
                         1    1                                                 
                        1   11           1                                      
                    11                 1                                        
                                  1        1                                    
                         1  1          1                                        
                                            1                                   
                              1                                                 
                        1       1                                               
                                      1                                         
                              1                                                 
                                                                                
                                                                                
                                                                                
                                                                                
                                                                                
                                                                                
                                                                                
                                                                                
Trails: 1 end here!

centroid #1:62 33
centroid #2:35 17
centroid #3:37 57
centroid #4:13 45

Trails: 2
                                                                                
                                                                                
                                                                                
                                                                                
                                                                                
                                                                                
                                                                                
                                                                                
                                   4          4                                 
                                                 4       4                      
                                   4  4  44 4       4                           
                                    4           4    44   4                     
                                      4                                         
                                              4  4 4                            
                                          4              4                      
                                                                                
                                      44                                        
                                                                                
                                                          4                     
                                              4                                 
                                                       44                       
                                         4          44                          
                                                                                
                                                                                
                                                                                
                                                                                
                                                                                
                     2                                                          
                                                                                
          2         2  2                                                        
                                                                                
                                                                                
                                                                                
                                                                                
                                                                                
                          2                                                     
          2                                                                     
                   2    2                                   3                   
         2 2                                            3    3                  
              2                                    3                            
                                                       3                        
                        2                                         3             
                                                                                
                                                    3                           
                                               3     3 3    3                   
                                                3              3                
                                                                                
                                                      3                         
                                                                                
                                                    3                           
                                                                                
                                                                                
                                                                                
                                                                                
                                                                                
                                                                                
                                                                                
                                       1                                        
                                       1   1                                    
                        1     1                                                 
                                                                                
                     1      1 1     1 1                                         
                         1    1                                                 
                        1   11           1                                      
                    11                 1                                        
                                  1        1                                    
                         1  1          1                                        
                                            1                                   
                              1                                                 
                        1       1                                               
                                      1                                         
                              1                                                 
                                                                                
                                                                                
                                                                                
                                                                                
                                                                                
                                                                                
                                                                                
                                                                                
Trails: 2 end here!

centroid #1:64 31
centroid #2:34 17
centroid #3:41 55
centroid #4:13 46
