23
1,23
82
2,23,82
7
3,7,82,23
28
4,7,28,23,82
9
5,7,9,23,82,28
19
6,7,9,19,82,28,23
28
7,7,9,19,82,28,23,28
9
8,7,9,19,9,28,23,28,82
7
9,7,7,19,9,28,23,28,82,9
13
10,7,7,19,9,13,23,28,82,9,28
21
11,7,7,19,9,13,23,28,82,9,28,21
4
12,4,7,7,9,13,19,28,82,9,28,21,23
81
13,4,7,7,9,13,19,28,82,9,28,21,23,81
19
14,4,7,7,9,13,19,19,82,9,28,21,23,81,28
36
15,4,7,7,9,13,19,19,82,9,28,21,23,81,28,36
18
16,4,7,7,9,13,19,19,18,9,28,21,23,81,28,36,82
320
17,4,7,7,9,13,19,19,18,9,28,21,23,81,28,36,82,320
61
18,4,7,7,9,13,19,19,18,9,28,21,23,81,28,36,82,320,61
7
19,4,7,7,7,13,19,19,18,9,28,21,23,81,28,36,82,320,61,9
3
20,3,4,7,7,7,19,19,18,9,13,21,23,81,28,36,82,320,61,9,28
4
21,3,4,7,7,4,19,19,18,9,7,21,23,81,28,36,82,320,61,9,28,13
5
22,3,4,7,7,4,19,19,18,9,7,5,23,81,28,36,82,320,61,9,28,13,21
16
23,3,4,7,7,4,19,19,18,9,7,5,23,81,28,36,82,320,61,9,28,13,21,16
17
24,3,4,7,7,4,17,19,18,9,7,5,19,81,28,36,82,320,61,9,28,13,21,16,23
