Cycle Count:0
                                                               
   1  1  1  1  1  1  1  1  1  1  1  1  1  1  1  1  1  1  1     
   1  1  1  1  1  1  1  1  1  1  1  1  1  1  1  1  1  1  1     
   1  1  1  1  1  1  1  1  1  1  1  1  1  1  1  1  1  1  1     
   1  1  1  1  1  1  1  1  1  1  1  1  1  1  1  1  1  1  1     
   1  1  1  1  1  1  1  1  1  1  1  1  1  1  1  1  1  1  1     
   1  1  1  1  1  1  1  1  1  1  1  1  1  1  1  1  1  1  1     
   1  1  1  1  1  1  1  1  1  1  1  1  1  1  1  1  1  1  1     
   1  1  1  1  1  1  1  1  1  1  1  1  1  1  1  1  1  1  1     
   1  1  1  1  1  1  1  1  1  1  1  1  1  1  1  1  1  1  1     
   1  1  1  1  1  1  1  1  1  1  1  1  1  1  1  1  1  1  1     
   1  1  1  1  1  1  1  1  1  1  1  1  1  1  1  1  1  1  1     
   1  1  1  1  1  1  1  1  1  1  1  1  1  1  1  1  1  1  1     
   1  1  1  1  1  1  1  1  1  1  1  1  1  1  1  1  1  1  1     
   1  1  1  1  1  1  1  1  1  1  1  1  1  1  1  1  1  1  1     
   1  1  1  1  1  1  1  1  1  1  1  1  1  1  1  1  1  1  1     
                                                               
Cycle Count:2
                                                               
   1                                                     1     
      1                                               1        
         1  1  1  1  1  1  1  1  1  1  1  1  1  1  1           
         1  1  1  1  1  1  1  1  1  1  1  1  1  1  1           
         1  1  1  1  1  1  1  1  1  1  1  1  1  1  1           
         1  1  1  1  1  1  1  1  1  1  1  1  1  1  1           
         1  1  1  1  1  1  1  1  1  1  1  1  1  1  1           
         1  1  1  1  1  1  1  1  1  1  1  1  1  1  1           
         1  1  1  1  1  1  1  1  1  1  1  1  1  1  1           
         1  1  1  1  1  1  1  1  1  1  1  1  1  1  1           
         1  1  1  1  1  1  1  1  1  1  1  1  1  1  1           
         1  1  1  1  1  1  1  1  1  1  1  1  1  1  1           
         1  1  1  1  1  1  1  1  1  1  1  1  1  1  1           
      1                                               1        
   1                                                     1     
                                                               
Cycle Count:4
                                                               
   1                                                     1     
      1                                               1        
         1                                         1           
            1                                   1              
               1  1  1  1  1  1  1  1  1  1  1                 
               1  1  1  1  1  1  1  1  1  1  1                 
               1  1  1  1  1  1  1  1  1  1  1                 
               1  1  1  1  1  1  1  1  1  1  1                 
               1  1  1  1  1  1  1  1  1  1  1                 
               1  1  1  1  1  1  1  1  1  1  1                 
               1  1  1  1  1  1  1  1  1  1  1                 
            1                                   1              
         1                                         1           
      1                                               1        
   1                                                     1     
                                                               
Final Cycle Count:8
                                                               
   1                                                     1     
      1                                               1        
         1                                         1           
            1                                   1              
               1                             1                 
                  1                       1                    
                     1                 1                       
                     1  1  1  1  1  1  1                       
                     1                 1                       
                  1                       1                    
               1                             1                 
            1                                   1              
         1                                         1           
      1                                               1        
   1                                                     1     
                                                               
